# after: 720 frames at 60 fps (12.00 s)
# sleeve ends: [137, 151, 74] -> [144, 75, 150]
# field  ends: [16, 14, 4] -> [17, 11, 22]
# track changes at frames [152, 310, 468, 624] ([2533, 5167, 7800, 10400] ms)
# frames in which any sleeve pixel moved: 12 [154, 155, 156, 157, 158, 159, 160, 161, 162, 163, 164, 165]
# at the change on frame 152 (the record changed): the sleeve's pixels moved in 12 of the next 60 frames, at most 100.0 % of the probe at once; the *window* was repainted 60 times in that second
# at the change on frame 310 (the same record): the sleeve's pixels moved in 0 of the next 60 frames, at most 0.0 % of the probe at once; the *window* was repainted 60 times in that second
# at the change on frame 468 (the same record): the sleeve's pixels moved in 0 of the next 60 frames, at most 0.0 % of the probe at once; the *window* was repainted 60 times in that second
# at the change on frame 624 (the same record): the sleeve's pixels moved in 0 of the next 60 frames, at most 0.0 % of the probe at once; the *window* was repainted 60 times in that second
# the artwork filled its box in every frame of the film
# frames strictly between the two sleeves: 11
# frames strictly between the two fields:  11
# the sleeve's transition spans frames 154..164 = 183 ms of film
# the field's transition spans frames 154..164 = 183 ms of film
# largest disagreement between the cover and the room: 0.018
# the hero's decode held the picture for 33 ms after the track changed

frame     ms  t sleeve  t field  note
    0      0     0.000    0.000  
    1     17     0.000    0.000  
    2     33     0.000    0.000  
    3     50     0.000    0.000  
    4     67     0.000    0.000  
    5     83     0.000    0.000  
    6    100     0.000    0.000  
    7    117     0.000    0.000  
    8    133     0.000    0.000  
    9    150     0.000    0.000  
   10    167     0.000    0.000  
   11    183     0.000    0.000  
   12    200     0.000    0.000  
   13    217     0.000    0.000  
   14    233     0.000    0.000  
   15    250     0.000    0.000  
   16    267     0.000    0.000  
   17    283     0.000    0.000  
   18    300     0.000    0.000  
   19    317     0.000    0.000  
   20    333     0.000    0.000  
   21    350     0.000    0.000  
   22    367     0.000    0.000  
   23    383     0.000    0.000  
   24    400     0.000    0.000  
   25    417     0.000    0.000  
   26    433     0.000    0.000  
   27    450     0.000    0.000  
   28    467     0.000    0.000  
   29    483     0.000    0.000  
   30    500     0.000    0.000  
   31    517     0.000    0.000  
   32    533     0.000    0.000  
   33    550     0.000    0.000  
   34    567     0.000    0.000  
   35    583     0.000    0.000  
   36    600     0.000    0.000  
   37    617     0.000    0.000  
   38    633     0.000    0.000  
   39    650     0.000    0.000  
   40    667     0.000    0.000  
   41    683     0.000    0.000  
   42    700     0.000    0.000  
   43    717     0.000    0.000  
   44    733     0.000    0.000  
   45    750     0.000    0.000  
   46    767     0.000    0.000  
   47    783     0.000    0.000  
   48    800     0.000    0.000  
   49    817     0.000    0.000  
   50    833     0.000    0.000  
   51    850     0.000    0.000  
   52    867     0.000    0.000  
   53    883     0.000    0.000  
   54    900     0.000    0.000  
   55    917     0.000    0.000  
   56    933     0.000    0.000  
   57    950     0.000    0.000  
   58    967     0.000    0.000  
   59    983     0.000    0.000  
   60   1000     0.000    0.000  
   61   1017     0.000    0.000  
   62   1033     0.000    0.000  
   63   1050     0.000    0.000  
   64   1067     0.000    0.000  
   65   1083     0.000    0.000  
   66   1100     0.000    0.000  
   67   1117     0.000    0.000  
   68   1133     0.000    0.000  
   69   1150     0.000    0.000  
   70   1167     0.000    0.000  
   71   1183     0.000    0.000  
   72   1200     0.000    0.000  
   73   1217     0.000    0.000  
   74   1233     0.000    0.000  
   75   1250     0.000    0.000  
   76   1267     0.000    0.000  
   77   1283     0.000    0.000  
   78   1300     0.000    0.000  
   79   1317     0.000    0.000  
   80   1333     0.000    0.000  
   81   1350     0.000    0.000  
   82   1367     0.000    0.000  
   83   1383     0.000    0.000  
   84   1400     0.000    0.000  
   85   1417     0.000    0.000  
   86   1433     0.000    0.000  
   87   1450     0.000    0.000  
   88   1467     0.000    0.000  
   89   1483     0.000    0.000  
   90   1500     0.000    0.000  
   91   1517     0.000    0.000  
   92   1533     0.000    0.000  
   93   1550     0.000    0.000  
   94   1567     0.000    0.000  
   95   1583     0.000    0.000  
   96   1600     0.000    0.000  
   97   1617     0.000    0.000  
   98   1633     0.000    0.000  
   99   1650     0.000    0.000  
  100   1667     0.000    0.000  
  101   1683     0.000    0.000  
  102   1700     0.000    0.000  
  103   1717     0.000    0.000  
  104   1733     0.000    0.000  
  105   1750     0.000    0.000  
  106   1767     0.000    0.000  
  107   1783     0.000    0.000  
  108   1800     0.000    0.000  
  109   1817     0.000    0.000  
  110   1833     0.000    0.000  
  111   1850     0.000    0.000  
  112   1867     0.000    0.000  
  113   1883     0.000    0.000  
  114   1900     0.000    0.000  
  115   1917     0.000    0.000  
  116   1933     0.000    0.000  
  117   1950     0.000    0.000  
  118   1967     0.000    0.000  
  119   1983     0.000    0.000  
  120   2000     0.000    0.000  
  121   2017     0.000    0.000  
  122   2033     0.000    0.000  
  123   2050     0.000    0.000  
  124   2067     0.000    0.000  
  125   2083     0.000    0.000  
  126   2100     0.000    0.000  
  127   2117     0.000    0.000  
  128   2133     0.000    0.000  
  129   2150     0.000    0.000  
  130   2167     0.000    0.000  
  131   2183     0.000    0.000  
  132   2200     0.000    0.000  
  133   2217     0.000    0.000  
  134   2233     0.000    0.000  
  135   2250     0.000    0.000  
  136   2267     0.000    0.000  
  137   2283     0.000    0.000  
  138   2300     0.000    0.000  
  139   2317     0.000    0.000  
  140   2333     0.000    0.000  
  141   2350     0.000    0.000  
  142   2367     0.000    0.000  
  143   2383     0.000    0.000  
  144   2400     0.000    0.000  
  145   2417     0.000    0.000  
  146   2433     0.000    0.000  
  147   2450     0.000    0.000  
  148   2467     0.000    0.000  
  149   2483     0.000    0.000  
  150   2500     0.000    0.000  
  151   2517     0.000    0.000  
  152   2533     0.000    0.000  track changed
  153   2550     0.000    0.000  
  154   2567     0.043    0.032  sleeve redrawn <-- crossing
  155   2583     0.168    0.150  sleeve redrawn <-- crossing
  156   2600     0.234    0.221  sleeve redrawn <-- crossing
  157   2617     0.326    0.316  sleeve redrawn <-- crossing
  158   2633     0.389    0.379  sleeve redrawn <-- crossing
  159   2650     0.501    0.496  sleeve redrawn <-- crossing
  160   2667     0.577    0.576  sleeve redrawn <-- crossing
  161   2683     0.652    0.657  sleeve redrawn <-- crossing
  162   2700     0.728    0.739  sleeve redrawn <-- crossing
  163   2717     0.810    0.820  sleeve redrawn <-- crossing
  164   2733     0.889    0.901  sleeve redrawn <-- crossing
  165   2750     0.984    0.983  sleeve redrawn
  166   2767     1.000    1.000  
  167   2783     1.000    1.000  
  168   2800     1.000    1.000  
  169   2817     1.000    1.000  
  170   2833     1.000    1.000  
  171   2850     1.000    1.000  
  172   2867     1.000    1.000  
  173   2883     1.000    1.000  
  174   2900     1.000    1.000  
  175   2917     1.000    1.000  
  176   2933     1.000    1.000  
  177   2950     1.000    1.000  
  178   2967     1.000    1.000  
  179   2983     1.000    1.000  
  180   3000     1.000    1.000  
  181   3017     1.000    1.000  
  182   3033     1.000    1.000  
  183   3050     1.000    1.000  
  184   3067     1.000    1.000  
  185   3083     1.000    1.000  
  186   3100     1.000    1.000  
  187   3117     1.000    1.000  
  188   3133     1.000    1.000  
  189   3150     1.000    1.000  
  190   3167     1.000    1.000  
  191   3183     1.000    1.000  
  192   3200     1.000    1.000  
  193   3217     1.000    1.000  
  194   3233     1.000    1.000  
  195   3250     1.000    1.000  
  196   3267     1.000    1.000  
  197   3283     1.000    1.000  
  198   3300     1.000    1.000  
  199   3317     1.000    1.000  
  200   3333     1.000    1.000  
  201   3350     1.000    1.000  
  202   3367     1.000    1.000  
  203   3383     1.000    1.000  
  204   3400     1.000    1.000  
  205   3417     1.000    1.000  
  206   3433     1.000    1.000  
  207   3450     1.000    1.000  
  208   3467     1.000    1.000  
  209   3483     1.000    1.000  
  210   3500     1.000    1.000  
  211   3517     1.000    1.000  
  212   3533     1.000    1.000  
  213   3550     1.000    1.000  
  214   3567     1.000    1.000  
  215   3583     1.000    1.000  
  216   3600     1.000    1.000  
  217   3617     1.000    1.000  
  218   3633     1.000    1.000  
  219   3650     1.000    1.000  
  220   3667     1.000    1.000  
  221   3683     1.000    1.000  
  222   3700     1.000    1.000  
  223   3717     1.000    1.000  
  224   3733     1.000    1.000  
  225   3750     1.000    1.000  
  226   3767     1.000    1.000  
  227   3783     1.000    1.000  
  228   3800     1.000    1.000  
  229   3817     1.000    1.000  
  230   3833     1.000    1.000  
  231   3850     1.000    1.000  
  232   3867     1.000    1.000  
  233   3883     1.000    1.000  
  234   3900     1.000    1.000  
  235   3917     1.000    1.000  
  236   3933     1.000    1.000  
  237   3950     1.000    1.000  
  238   3967     1.000    1.000  
  239   3983     1.000    1.000  
  240   4000     1.000    1.000  
  241   4017     1.000    1.000  
  242   4033     1.000    1.000  
  243   4050     1.000    1.000  
  244   4067     1.000    1.000  
  245   4083     1.000    1.000  
  246   4100     1.000    1.000  
  247   4117     1.000    1.000  
  248   4133     1.000    1.000  
  249   4150     1.000    1.000  
  250   4167     1.000    1.000  
  251   4183     1.000    1.000  
  252   4200     1.000    1.000  
  253   4217     1.000    1.000  
  254   4233     1.000    1.000  
  255   4250     1.000    1.000  
  256   4267     1.000    1.000  
  257   4283     1.000    1.000  
  258   4300     1.000    1.000  
  259   4317     1.000    1.000  
  260   4333     1.000    1.000  
  261   4350     1.000    1.000  
  262   4367     1.000    1.000  
  263   4383     1.000    1.000  
  264   4400     1.000    1.000  
  265   4417     1.000    1.000  
  266   4433     1.000    1.000  
  267   4450     1.000    1.000  
  268   4467     1.000    1.000  
  269   4483     1.000    1.000  
  270   4500     1.000    1.000  
  271   4517     1.000    1.000  
  272   4533     1.000    1.000  
  273   4550     1.000    1.000  
  274   4567     1.000    1.000  
  275   4583     1.000    1.000  
  276   4600     1.000    1.000  
  277   4617     1.000    1.000  
  278   4633     1.000    1.000  
  279   4650     1.000    1.000  
  280   4667     1.000    1.000  
  281   4683     1.000    1.000  
  282   4700     1.000    1.000  
  283   4717     1.000    1.000  
  284   4733     1.000    1.000  
  285   4750     1.000    1.000  
  286   4767     1.000    1.000  
  287   4783     1.000    1.000  
  288   4800     1.000    1.000  
  289   4817     1.000    1.000  
  290   4833     1.000    1.000  
  291   4850     1.000    1.000  
  292   4867     1.000    1.000  
  293   4883     1.000    1.000  
  294   4900     1.000    1.000  
  295   4917     1.000    1.000  
  296   4933     1.000    1.000  
  297   4950     1.000    1.000  
  298   4967     1.000    1.000  
  299   4983     1.000    1.000  
  300   5000     1.000    1.000  
  301   5017     1.000    1.000  
  302   5033     1.000    1.000  
  303   5050     1.000    1.000  
  304   5067     1.000    1.000  
  305   5083     1.000    1.000  
  306   5100     1.000    1.000  
  307   5117     1.000    1.000  
  308   5133     1.000    1.000  
  309   5150     1.000    1.000  
  310   5167     1.000    1.000  track changed
  311   5183     1.000    1.000  
  312   5200     1.000    1.000  
  313   5217     1.000    1.000  
  314   5233     1.000    1.000  
  315   5250     1.000    1.000  
  316   5267     1.000    1.000  
  317   5283     1.000    1.000  
  318   5300     1.000    1.000  
  319   5317     1.000    1.000  
  320   5333     1.000    1.000  
  321   5350     1.000    1.000  
  322   5367     1.000    1.000  
  323   5383     1.000    1.000  
  324   5400     1.000    1.000  
  325   5417     1.000    1.000  
  326   5433     1.000    1.000  
  327   5450     1.000    1.000  
  328   5467     1.000    1.000  
  329   5483     1.000    1.000  
  330   5500     1.000    1.000  
  331   5517     1.000    1.000  
  332   5533     1.000    1.000  
  333   5550     1.000    1.000  
  334   5567     1.000    1.000  
  335   5583     1.000    1.000  
  336   5600     1.000    1.000  
  337   5617     1.000    1.000  
  338   5633     1.000    1.000  
  339   5650     1.000    1.000  
  340   5667     1.000    1.000  
  341   5683     1.000    1.000  
  342   5700     1.000    1.000  
  343   5717     1.000    1.000  
  344   5733     1.000    1.000  
  345   5750     1.000    1.000  
  346   5767     1.000    1.000  
  347   5783     1.000    1.000  
  348   5800     1.000    1.000  
  349   5817     1.000    1.000  
  350   5833     1.000    1.000  
  351   5850     1.000    1.000  
  352   5867     1.000    1.000  
  353   5883     1.000    1.000  
  354   5900     1.000    1.000  
  355   5917     1.000    1.000  
  356   5933     1.000    1.000  
  357   5950     1.000    1.000  
  358   5967     1.000    1.000  
  359   5983     1.000    1.000  
  360   6000     1.000    1.000  
  361   6017     1.000    1.000  
  362   6033     1.000    1.000  
  363   6050     1.000    1.000  
  364   6067     1.000    1.000  
  365   6083     1.000    1.000  
  366   6100     1.000    1.000  
  367   6117     1.000    1.000  
  368   6133     1.000    1.000  
  369   6150     1.000    1.000  
  370   6167     1.000    1.000  
  371   6183     1.000    1.000  
  372   6200     1.000    1.000  
  373   6217     1.000    1.000  
  374   6233     1.000    1.000  
  375   6250     1.000    1.000  
  376   6267     1.000    1.000  
  377   6283     1.000    1.000  
  378   6300     1.000    1.000  
  379   6317     1.000    1.000  
  380   6333     1.000    1.000  
  381   6350     1.000    1.000  
  382   6367     1.000    1.000  
  383   6383     1.000    1.000  
  384   6400     1.000    1.000  
  385   6417     1.000    1.000  
  386   6433     1.000    1.000  
  387   6450     1.000    1.000  
  388   6467     1.000    1.000  
  389   6483     1.000    1.000  
  390   6500     1.000    1.000  
  391   6517     1.000    1.000  
  392   6533     1.000    1.000  
  393   6550     1.000    1.000  
  394   6567     1.000    1.000  
  395   6583     1.000    1.000  
  396   6600     1.000    1.000  
  397   6617     1.000    1.000  
  398   6633     1.000    1.000  
  399   6650     1.000    1.000  
  400   6667     1.000    1.000  
  401   6683     1.000    1.000  
  402   6700     1.000    1.000  
  403   6717     1.000    1.000  
  404   6733     1.000    1.000  
  405   6750     1.000    1.000  
  406   6767     1.000    1.000  
  407   6783     1.000    1.000  
  408   6800     1.000    1.000  
  409   6817     1.000    1.000  
  410   6833     1.000    1.000  
  411   6850     1.000    1.000  
  412   6867     1.000    1.000  
  413   6883     1.000    1.000  
  414   6900     1.000    1.000  
  415   6917     1.000    1.000  
  416   6933     1.000    1.000  
  417   6950     1.000    1.000  
  418   6967     1.000    1.000  
  419   6983     1.000    1.000  
  420   7000     1.000    1.000  
  421   7017     1.000    1.000  
  422   7033     1.000    1.000  
  423   7050     1.000    1.000  
  424   7067     1.000    1.000  
  425   7083     1.000    1.000  
  426   7100     1.000    1.000  
  427   7117     1.000    1.000  
  428   7133     1.000    1.000  
  429   7150     1.000    1.000  
  430   7167     1.000    1.000  
  431   7183     1.000    1.000  
  432   7200     1.000    1.000  
  433   7217     1.000    1.000  
  434   7233     1.000    1.000  
  435   7250     1.000    1.000  
  436   7267     1.000    1.000  
  437   7283     1.000    1.000  
  438   7300     1.000    1.000  
  439   7317     1.000    1.000  
  440   7333     1.000    1.000  
  441   7350     1.000    1.000  
  442   7367     1.000    1.000  
  443   7383     1.000    1.000  
  444   7400     1.000    1.000  
  445   7417     1.000    1.000  
  446   7433     1.000    1.000  
  447   7450     1.000    1.000  
  448   7467     1.000    1.000  
  449   7483     1.000    1.000  
  450   7500     1.000    1.000  
  451   7517     1.000    1.000  
  452   7533     1.000    1.000  
  453   7550     1.000    1.000  
  454   7567     1.000    1.000  
  455   7583     1.000    1.000  
  456   7600     1.000    1.000  
  457   7617     1.000    1.000  
  458   7633     1.000    1.000  
  459   7650     1.000    1.000  
  460   7667     1.000    1.000  
  461   7683     1.000    1.000  
  462   7700     1.000    1.000  
  463   7717     1.000    1.000  
  464   7733     1.000    1.000  
  465   7750     1.000    1.000  
  466   7767     1.000    1.000  
  467   7783     1.000    1.000  
  468   7800     1.000    1.000  track changed
  469   7817     1.000    1.000  
  470   7833     1.000    1.000  
  471   7850     1.000    1.000  
  472   7867     1.000    1.000  
  473   7883     1.000    1.000  
  474   7900     1.000    1.000  
  475   7917     1.000    1.000  
  476   7933     1.000    1.000  
  477   7950     1.000    1.000  
  478   7967     1.000    1.000  
  479   7983     1.000    1.000  
  480   8000     1.000    1.000  
  481   8017     1.000    1.000  
  482   8033     1.000    1.000  
  483   8050     1.000    1.000  
  484   8067     1.000    1.000  
  485   8083     1.000    1.000  
  486   8100     1.000    1.000  
  487   8117     1.000    1.000  
  488   8133     1.000    1.000  
  489   8150     1.000    1.000  
  490   8167     1.000    1.000  
  491   8183     1.000    1.000  
  492   8200     1.000    1.000  
  493   8217     1.000    1.000  
  494   8233     1.000    1.000  
  495   8250     1.000    1.000  
  496   8267     1.000    1.000  
  497   8283     1.000    1.000  
  498   8300     1.000    1.000  
  499   8317     1.000    1.000  
  500   8333     1.000    1.000  
  501   8350     1.000    1.000  
  502   8367     1.000    1.000  
  503   8383     1.000    1.000  
  504   8400     1.000    1.000  
  505   8417     1.000    1.000  
  506   8433     1.000    1.000  
  507   8450     1.000    1.000  
  508   8467     1.000    1.000  
  509   8483     1.000    1.000  
  510   8500     1.000    1.000  
  511   8517     1.000    1.000  
  512   8533     1.000    1.000  
  513   8550     1.000    1.000  
  514   8567     1.000    1.000  
  515   8583     1.000    1.000  
  516   8600     1.000    1.000  
  517   8617     1.000    1.000  
  518   8633     1.000    1.000  
  519   8650     1.000    1.000  
  520   8667     1.000    1.000  
  521   8683     1.000    1.000  
  522   8700     1.000    1.000  
  523   8717     1.000    1.000  
  524   8733     1.000    1.000  
  525   8750     1.000    1.000  
  526   8767     1.000    1.000  
  527   8783     1.000    1.000  
  528   8800     1.000    1.000  
  529   8817     1.000    1.000  
  530   8833     1.000    1.000  
  531   8850     1.000    1.000  
  532   8867     1.000    1.000  
  533   8883     1.000    1.000  
  534   8900     1.000    1.000  
  535   8917     1.000    1.000  
  536   8933     1.000    1.000  
  537   8950     1.000    1.000  
  538   8967     1.000    1.000  
  539   8983     1.000    1.000  
  540   9000     1.000    1.000  
  541   9017     1.000    1.000  
  542   9033     1.000    1.000  
  543   9050     1.000    1.000  
  544   9067     1.000    1.000  
  545   9083     1.000    1.000  
  546   9100     1.000    1.000  
  547   9117     1.000    1.000  
  548   9133     1.000    1.000  
  549   9150     1.000    1.000  
  550   9167     1.000    1.000  
  551   9183     1.000    1.000  
  552   9200     1.000    1.000  
  553   9217     1.000    1.000  
  554   9233     1.000    1.000  
  555   9250     1.000    1.000  
  556   9267     1.000    1.000  
  557   9283     1.000    1.000  
  558   9300     1.000    1.000  
  559   9317     1.000    1.000  
  560   9333     1.000    1.000  
  561   9350     1.000    1.000  
  562   9367     1.000    1.000  
  563   9383     1.000    1.000  
  564   9400     1.000    1.000  
  565   9417     1.000    1.000  
  566   9433     1.000    1.000  
  567   9450     1.000    1.000  
  568   9467     1.000    1.000  
  569   9483     1.000    1.000  
  570   9500     1.000    1.000  
  571   9517     1.000    1.000  
  572   9533     1.000    1.000  
  573   9550     1.000    1.000  
  574   9567     1.000    1.000  
  575   9583     1.000    1.000  
  576   9600     1.000    1.000  
  577   9617     1.000    1.000  
  578   9633     1.000    1.000  
  579   9650     1.000    1.000  
  580   9667     1.000    1.000  
  581   9683     1.000    1.000  
  582   9700     1.000    1.000  
  583   9717     1.000    1.000  
  584   9733     1.000    1.000  
  585   9750     1.000    1.000  
  586   9767     1.000    1.000  
  587   9783     1.000    1.000  
  588   9800     1.000    1.000  
  589   9817     1.000    1.000  
  590   9833     1.000    1.000  
  591   9850     1.000    1.000  
  592   9867     1.000    1.000  
  593   9883     1.000    1.000  
  594   9900     1.000    1.000  
  595   9917     1.000    1.000  
  596   9933     1.000    1.000  
  597   9950     1.000    1.000  
  598   9967     1.000    1.000  
  599   9983     1.000    1.000  
  600  10000     1.000    1.000  
  601  10017     1.000    1.000  
  602  10033     1.000    1.000  
  603  10050     1.000    1.000  
  604  10067     1.000    1.000  
  605  10083     1.000    1.000  
  606  10100     1.000    1.000  
  607  10117     1.000    1.000  
  608  10133     1.000    1.000  
  609  10150     1.000    1.000  
  610  10167     1.000    1.000  
  611  10183     1.000    1.000  
  612  10200     1.000    1.000  
  613  10217     1.000    1.000  
  614  10233     1.000    1.000  
  615  10250     1.000    1.000  
  616  10267     1.000    1.000  
  617  10283     1.000    1.000  
  618  10300     1.000    1.000  
  619  10317     1.000    1.000  
  620  10333     1.000    1.000  
  621  10350     1.000    1.000  
  622  10367     1.000    1.000  
  623  10383     1.000    1.000  
  624  10400     1.000    1.000  track changed
  625  10417     1.000    1.000  
  626  10433     1.000    1.000  
  627  10450     1.000    1.000  
  628  10467     1.000    1.000  
  629  10483     1.000    1.000  
  630  10500     1.000    1.000  
  631  10517     1.000    1.000  
  632  10533     1.000    1.000  
  633  10550     1.000    1.000  
  634  10567     1.000    1.000  
  635  10583     1.000    1.000  
  636  10600     1.000    1.000  
  637  10617     1.000    1.000  
  638  10633     1.000    1.000  
  639  10650     1.000    1.000  
  640  10667     1.000    1.000  
  641  10683     1.000    1.000  
  642  10700     1.000    1.000  
  643  10717     1.000    1.000  
  644  10733     1.000    1.000  
  645  10750     1.000    1.000  
  646  10767     1.000    1.000  
  647  10783     1.000    1.000  
  648  10800     1.000    1.000  
  649  10817     1.000    1.000  
  650  10833     1.000    1.000  
  651  10850     1.000    1.000  
  652  10867     1.000    1.000  
  653  10883     1.000    1.000  
  654  10900     1.000    1.000  
  655  10917     1.000    1.000  
  656  10933     1.000    1.000  
  657  10950     1.000    1.000  
  658  10967     1.000    1.000  
  659  10983     1.000    1.000  
  660  11000     1.000    1.000  
  661  11017     1.000    1.000  
  662  11033     1.000    1.000  
  663  11050     1.000    1.000  
  664  11067     1.000    1.000  
  665  11083     1.000    1.000  
  666  11100     1.000    1.000  
  667  11117     1.000    1.000  
  668  11133     1.000    1.000  
  669  11150     1.000    1.000  
  670  11167     1.000    1.000  
  671  11183     1.000    1.000  
  672  11200     1.000    1.000  
  673  11217     1.000    1.000  
  674  11233     1.000    1.000  
  675  11250     1.000    1.000  
  676  11267     1.000    1.000  
  677  11283     1.000    1.000  
  678  11300     1.000    1.000  
  679  11317     1.000    1.000  
  680  11333     1.000    1.000  
  681  11350     1.000    1.000  
  682  11367     1.000    1.000  
  683  11383     1.000    1.000  
  684  11400     1.000    1.000  
  685  11417     1.000    1.000  
  686  11433     1.000    1.000  
  687  11450     1.000    1.000  
  688  11467     1.000    1.000  
  689  11483     1.000    1.000  
  690  11500     1.000    1.000  
  691  11517     1.000    1.000  
  692  11533     1.000    1.000  
  693  11550     1.000    1.000  
  694  11567     1.000    1.000  
  695  11583     1.000    1.000  
  696  11600     1.000    1.000  
  697  11617     1.000    1.000  
  698  11633     1.000    1.000  
  699  11650     1.000    1.000  
  700  11667     1.000    1.000  
  701  11683     1.000    1.000  
  702  11700     1.000    1.000  
  703  11717     1.000    1.000  
  704  11733     1.000    1.000  
  705  11750     1.000    1.000  
  706  11767     1.000    1.000  
  707  11783     1.000    1.000  
  708  11800     1.000    1.000  
  709  11817     1.000    1.000  
  710  11833     1.000    1.000  
  711  11850     1.000    1.000  
  712  11867     1.000    1.000  
  713  11883     1.000    1.000  
  714  11900     1.000    1.000  
  715  11917     1.000    1.000  
  716  11933     1.000    1.000  
  717  11950     1.000    1.000  
  718  11967     1.000    1.000  
  719  11983     1.000    1.000  
